!ReleaseDate:20220212
!Currency|USDxrate|RFRate%|DataDate
AED|27.2253304474|0.2242300000|20220211
ALL|0.9406010441||20220211
ANG|55.8659217877||20220211
AOA|0.1893365647||20220211
ARS|0.9425559289|33.5118700000|20220211
ATS|8.2872699247|-0.5787160000|20220211
AUD|71.7650000000|0.0500000000|20220211
AWG|55.8659217877||20220211
AZN|58.8581518540||20220211
BAM|58.3056381552|0.4262000000|20220211
BBD|50.0000000000||20220211
BDT|1.1631288165|5.1700000000|20220211
BEF|2.8268511281|-0.5787160000|20220211
BGN|58.2988398531|0.3970000000|20220211
BHD|265.3927813163|2.1900000000|20220211
BIF|0.0496401092||20220211
BMD|100.0000000000||20220211
BND|74.4352227474||20220211
BOB|14.4717800289||20220211
BRL|19.2515016171|5.5038900000|20220211
BSD|100.0000000000||20220211
BTN|1.3266118334||20220211
BWP|8.7100000000|1.4833000000|20220211
BYN|39.1159788774||20220211
BZD|50.0000000000||20220211
CAD|78.8270534447|0.1900000000|20220211
CDF|0.0500876534||20220211
CHF|108.0497028633|-0.7230920000|20220211
CLP|0.1239541370|2.4879300000|20220211
CNH|15.7288348866|2.4560000000|20220211
CNY|15.7243830145|2.4560000000|20220211
COP|0.0255460141|3.0770300000|20220211
CRC|0.1553856672||20220211
CUP|4.1666666667||20220211
CYP|194.8368241598|-0.5787160000|20220211
CZK|4.6738472540|2.1650000000|20220211
DEM|58.3056381552|-0.5787160000|20220211
DKK|15.3280196199|-0.4250000000|20220211
DOP|1.7508535411||20220211
DZD|0.7100936258||20220211
ECS|0.0040000000||20220211
EEK|7.2881516519|-0.5787160000|20220211
EGP|6.3653723743|8.7500000000|20220211
ESP|0.6853643191|-0.5787160000|20220211
ETB|1.9772536737||20220211
EUR|114.0350000000|-0.5787160000|20220211
FIM|19.1793170245|-0.5787160000|20220211
FJD|46.8493792457||20220211
FRF|17.3845017167|-0.5787160000|20220211
GBP|136.0300000000|0.5289449000|20220211
GEL|34.0136054422||20220211
GHS|15.6006240250|12.0948800000|20220211
GMD|1.8761726079||20220211
GNF|0.0110901630||20220211
GRD|0.3346588053|-0.5787160000|20220211
GTQ|13.0000130000||20220211
HKD|12.8228143513|0.3304200000|20220211
HNL|4.0708324852||20220211
HRK|15.1397015965|0.7900000000|20220211
HTG|0.9845804850||20220211
HUF|0.3225519276|4.4900000000|20220211
IDR|0.0069679128|3.5500000000|20220211
IEP|144.7950000000|-0.5787160000|20220211
ILS|30.8994839786|0.1290000000|20220211
INR|1.3266118334|4.1900000000|20220211
IRR|0.0023795360||20220211
ISK|0.8041170794|2.6500000000|20220211
ITL|0.0588941626|-0.5787160000|20220211
JMD|0.6362077944|2.4591900000|20220211
JOD|141.0437235543|3.5000000000|20220211
JPY|0.8629616845|0.1610000000|20220211
KES|0.8802816901|6.5730000000|20220211
KGS|1.1794594773||20220211
KHR|0.0246123554||20220211
KMF|0.2317936249||20220211
KRW|0.0834341496|1.5370000000|20220211
KWD|331.1806590495|1.3976000000|20220211
KYD|121.9512195122||20220211
KZT|0.2326338808|7.0000000000|20220211
LBP|0.0661443468|4.4400000000|20220211
LKR|0.4940467368|7.6000000000|20220211
LSL|6.6194917554||20220211
LTL|33.0272805337|-0.5787160000|20220211
LUF|2.8268511281|-0.5787160000|20220211
LVL|162.2586402726|-0.5787160000|20220211
MAD|10.7098487769|1.5001000000|20220211
MDL|5.6022408964||20220211
MGA|0.0251098556||20220211
MKD|1.8518518519|1.2500000000|20220211
MNT|0.0347886589||20220211
MOP|12.4492692279||20220211
MRU|2.7593818985||20220211
MTL|265.6395271616|0.1000000000|20220211
MUR|2.2846698652|0.3230700000|20220211
MVR|6.5316786414||20220211
MWK|0.1224889760||20220211
MXN|4.9017205039|5.0500000000|20220211
MYR|23.8691968015|1.9700000000|20220211
MZN|1.5666614445||20220211
NAD|6.6194917554|4.8328700000|20220211
NGN|0.2398081535|3.0491800000|20220211
NIO|2.8204766606||20220211
NLG|51.7477813139|-0.5787160000|20220211
NOK|11.3675116517|0.0000000000|20220211
NPR|0.8291323959||20220211
NZD|66.8450000000|0.6700000000|20220211
OMR|259.8414966870|4.1314600000|20220211
PAB|100.0000000000||20220211
PEN|26.7963610542|2.5000000000|20220211
PGK|28.4754257076||20220211
PHP|1.9477041437|1.1515000000|20220211
PKR|0.5730659026|7.1400000000|20220211
PLN|25.1949458939|3.0200000000|20220211
PTE|0.5688041093|-0.5787160000|20220211
PYG|0.0144060356||20220211
QAR|27.4649821478|0.1700000000|20220211
QOF|27.3781330851|0.1700000000|20220211
RON|23.0568813262|5.0043000000|20220211
RSD|0.9697910100|1.8000000000|20220211
RUB|1.3145138763|8.5000000000|20220211
RWF|0.0975609756||20220211
SAR|26.6545832556|0.6322727000|20220211
SBD|12.3700000000||20220211
SCR|6.9367128999||20220211
SDG|0.2264424041||20220211
SEK|10.8068385674|-0.0170000000|20220211
SGD|74.4352227474|0.3000000000|20220211
SIT|0.4758595272|-0.5787160000|20220211
SKK|3.7852692462|-0.5787160000|20220211
SLL|0.0086021505||20220211
SRD|4.9103854653||20220211
SVC|11.4285714286||20220211
SZL|6.6194917554||20220211
THB|3.0583377934|0.6226300000|20220211
TND|34.7832136211|6.5000000000|20220211
TOF|3.0623181749|0.6226300000|20220211
TOP|44.7500000000||20220211
TRY|7.4225273706|15.2500000000|20220211
TTD|14.7609101577|0.4300000000|20220211
TWD|3.5912445458|0.8100000000|20220211
TZS|0.0432338954||20220211
UAH|3.5627888086|5.0571000000|20220211
UGX|0.0284145397||20220211
USD|100.0000000000|0.2400000000|20220211
UYU|2.3174971031||20220211
UZS|0.0092075605||20220211
VES|22.4235357431|14.8800000000|20220211
VND|0.0044077135|4.0000000000|20220211
VUV|0.8760786719||20220211
WST|38.1100000000||20220211
XAF|0.1738450172||20220211
XCD|37.0370370370||20220211
XDR|140.3213358591||20220211
XOF|0.1738452438|6.6000000000|20220211
XPF|0.9556136569||20220211
YER|0.3997761254||20220211
ZAR|6.6194917554|4.1080000000|20220211
ZMW|5.3402115258|18.6653800000|20220211
ZWL|0.8412211840|975.0000000000|20220211
[End of File]
