!CovarianceMatrix(lower-left half by row major order)[2346]:
  2.940543e-003 -2.110623e-004  1.423844e-003 -5.585400e-005  3.652920e-005
  3.472398e-004  2.834206e-004 -2.930570e-004 -2.198858e-004  6.270519e-004
  4.079968e-004 -5.897300e-005  2.104260e-005  2.475460e-005  2.607870e-004
  1.849601e-004 -4.071250e-005 -2.388720e-005 -6.040100e-006  2.781830e-005
  1.165633e-004 -3.448824e-004 -1.023976e-004 -4.189840e-005  1.189488e-004
 -3.902190e-005 -5.121860e-005  5.441082e-004  5.924800e-006  1.692000e-005
 -8.529600e-006  6.803600e-006 -4.978500e-006 -1.261690e-005 -3.560100e-006
  1.323940e-004 -3.363620e-005  2.999500e-005 -2.835220e-005 -1.781780e-005
  1.644470e-005  9.145000e-007  3.315500e-005  1.424220e-005  2.048257e-004
 -9.774170e-005 -8.850870e-005  2.560000e-006  6.163900e-006 -1.072520e-005
 -3.383600e-006  4.831540e-005  3.241600e-005  1.452430e-005  1.444193e-004
 -1.303450e-005  7.031860e-005  6.298500e-006 -4.662320e-005 -1.504030e-005
  2.424030e-005 -3.773220e-005  4.598100e-006 -7.023700e-006  6.357100e-006
  1.695949e-004 -2.614230e-005 -3.296000e-006  2.347540e-005 -1.439770e-005
 -3.553960e-005  1.607910e-005  2.158390e-005 -8.737900e-006  1.491600e-006
 -5.243000e-007  9.069500e-006  1.597601e-004 -5.543682e-004  3.351750e-005
  1.766660e-005  1.434586e-004  2.292740e-005 -4.195840e-005  3.333670e-005
  1.019789e-004  1.627077e-004  8.577050e-005 -1.669440e-005  3.522720e-005
  3.004417e-003  6.692799e-003 -4.673142e-004  4.553034e-004  1.088644e-003
  1.723823e-003  1.837766e-004 -4.752460e-005 -4.771730e-005  5.427777e-004
 -2.249393e-004 -4.145913e-004 -6.112207e-004 -9.410629e-004  5.448176e-002
  1.311057e-003  1.082878e-003 -2.289981e-004  9.695255e-004  4.623597e-004
  9.159340e-005  8.702127e-004  4.331847e-004  6.658428e-004 -1.637866e-004
 -1.500706e-004  2.115544e-004  2.147131e-003  2.512328e-002  1.089302e-001
  5.889573e-003 -7.103522e-004  3.790913e-004  1.251881e-003  1.574573e-003
  1.434883e-004 -1.506793e-004 -1.224237e-004  5.070480e-005 -2.833964e-004
 -4.015393e-004 -4.399656e-004 -1.144082e-003  3.238550e-002  1.336021e-002
  3.174374e-002  5.104231e-003 -7.905146e-004  3.484901e-004  1.056252e-003
  1.320159e-003  1.435849e-004 -2.712100e-004 -4.520370e-005  8.111010e-005
 -2.141829e-004 -4.051244e-004 -4.298104e-004 -1.034281e-003  2.835320e-002
  8.826509e-003  2.376572e-002  2.354728e-002  4.976923e-003  3.047065e-004
 -2.037847e-004  8.711214e-004  1.322801e-003 -4.920400e-005 -2.027300e-006
  1.752146e-004  6.465512e-004 -7.786680e-005 -1.934580e-004 -8.215072e-004
 -6.068335e-004  3.183635e-002  2.231021e-002  1.945545e-002  1.754843e-002
  5.824359e-002  5.090585e-003 -2.611970e-004  3.913480e-004  4.598683e-004
  1.247749e-003  2.416159e-004 -5.090183e-004  5.317940e-005  1.495604e-004
 -9.419540e-005 -8.447160e-005 -4.401409e-004 -5.898238e-004  2.142949e-002
  8.473429e-003  1.576224e-002  1.481951e-002  2.302681e-002  2.117912e-002
  2.985662e-003  5.168124e-004 -3.032680e-004  6.968490e-004  1.178763e-003
 -1.811794e-004  8.383700e-006  2.063747e-004  8.810838e-004  8.645500e-006
 -9.360670e-005 -9.967519e-004  5.464637e-004  2.743147e-002  1.926294e-002
  1.496507e-002  1.403995e-002  5.049291e-002  2.023450e-002  7.284790e-002
  3.133157e-003 -3.190453e-004  3.907151e-004  6.225348e-004  7.743376e-004
  1.306790e-004 -2.760840e-005 -3.636770e-005 -6.539760e-005 -2.067950e-005
 -2.183342e-004 -1.705712e-004 -5.202823e-004  1.433735e-002  3.039544e-003
  1.266669e-002  1.175027e-002  9.439151e-003  9.622304e-003  6.589924e-003
  1.124350e-002  4.133868e-003 -3.697703e-004  6.317610e-004  7.613102e-004
  1.107107e-003  1.180247e-004 -5.028450e-005 -4.175180e-005 -1.362770e-004
 -7.185680e-005 -2.951485e-004 -8.622070e-005 -1.027990e-003  1.686426e-002
  4.406722e-003  1.565504e-002  1.341734e-002  1.176099e-002  1.186820e-002
  8.199896e-003  1.014958e-002  2.051386e-002  3.697931e-003 -9.525399e-004
  5.976420e-005  1.001013e-003  8.218101e-004  1.746263e-004 -2.243021e-004
  1.458521e-004  1.174668e-004 -6.521900e-006 -3.616779e-004 -2.086512e-004
 -4.182464e-004  1.636436e-002  4.009902e-003  1.235013e-002  1.170103e-002
  1.509590e-002  1.190040e-002  1.284321e-002  9.155262e-003  1.124807e-002
  3.732908e-002  3.312886e-003 -2.810840e-004  3.947525e-004  5.479790e-004
  9.712967e-004  1.380911e-004 -5.175870e-005 -2.118600e-006 -7.117480e-005
 -3.296900e-006 -2.099222e-004 -3.696396e-004 -5.497341e-004  1.653548e-002
  2.561658e-003  1.439838e-002  1.363896e-002  1.020047e-002  1.027483e-002
  8.610263e-003  1.027325e-002  1.066204e-002  9.921636e-003  1.525968e-002
  4.210497e-003 -5.740337e-004  5.209792e-004  9.537298e-004  9.807562e-004
  7.505590e-005 -2.943874e-004 -1.861571e-004 -1.373752e-004 -1.322214e-004
 -3.631135e-004 -3.346531e-004 -1.403623e-003  1.858243e-002  2.550715e-003
  1.740839e-002  1.523784e-002  1.224032e-002  1.234586e-002  8.516016e-003
  1.072546e-002  1.227320e-002  1.117394e-002  1.150038e-002  2.095120e-002
  5.945093e-003 -8.178441e-004  1.915898e-004  1.280528e-003  1.492290e-003
  2.619311e-004 -3.896843e-004 -1.869147e-004 -4.026510e-005 -6.872470e-005
 -2.518277e-004 -4.309397e-004 -1.039493e-003  2.434658e-002  5.243860e-003
  2.217257e-002  1.923724e-002  1.514131e-002  1.476792e-002  1.227910e-002
  1.216055e-002  1.430437e-002  1.250194e-002  1.403658e-002  1.608423e-002
  2.546207e-002  6.663708e-003 -1.481878e-003  2.868254e-004  9.335817e-004
  1.577004e-003  3.533012e-004 -4.761405e-004 -2.332120e-005  6.952200e-006
 -5.695590e-005 -5.514798e-004 -4.289900e-004 -1.665655e-003  2.892256e-002
  5.620093e-003  2.487155e-002  2.280157e-002  1.664490e-002  1.690382e-002
  1.084150e-002  1.381831e-002  1.519486e-002  1.418385e-002  1.532105e-002
  1.753312e-002  2.434731e-002  3.795915e-002  5.101856e-003 -7.234323e-004
  2.328456e-004  9.530177e-004  1.289957e-003  1.504888e-004 -3.533394e-004
 -1.102980e-004  1.879090e-005 -7.265810e-005 -3.204038e-004 -4.070860e-004
 -1.235959e-003  2.293683e-002  4.819941e-003  1.999939e-002  1.815137e-002
  1.399796e-002  1.342519e-002  1.024302e-002  1.100286e-002  1.392816e-002
  1.128036e-002  1.246183e-002  1.342538e-002  1.957447e-002  2.119103e-002
  2.400777e-002  5.376440e-003 -8.444505e-004  3.416317e-004  9.516247e-004
  1.483797e-003  6.210350e-005 -2.889749e-004 -1.912090e-005 -2.360758e-004
 -9.227320e-005 -3.193617e-004 -4.628092e-004 -1.285475e-003  2.144611e-002
  2.170954e-003  2.017626e-002  1.894292e-002  1.193123e-002  1.418100e-002
  7.072931e-003  1.186028e-002  1.471824e-002  1.109036e-002  1.343822e-002
  1.546023e-002  2.072073e-002  2.345174e-002  2.247346e-002  3.629883e-002
  4.557813e-003 -7.028916e-004  3.130326e-004  8.022744e-004  1.234855e-003
  1.792563e-004 -7.226230e-005 -2.133686e-004 -1.649794e-004 -7.449760e-005
 -3.536470e-004 -2.978878e-004 -1.083403e-003  1.985595e-002  4.121836e-003
  1.830243e-002  1.624591e-002  1.047871e-002  1.223270e-002  6.486001e-003
  1.074485e-002  1.303976e-002  9.236556e-003  1.142978e-002  1.413712e-002
  1.800595e-002  2.005952e-002  1.738191e-002  2.217772e-002  2.053656e-002
  5.090742e-003 -7.217657e-004  1.980930e-004  9.994009e-004  1.306673e-003
  2.152201e-004 -1.317809e-004 -1.775324e-004 -1.791014e-004 -1.343590e-004
 -3.786381e-004 -2.182071e-004 -9.565679e-004  1.960069e-002  2.603580e-003
  1.847990e-002  1.683821e-002  8.206020e-003  1.210709e-002  4.828438e-003
  1.058830e-002  1.322209e-002  9.229493e-003  1.172264e-002  1.412074e-002
  1.830908e-002  2.090633e-002  1.837415e-002  2.605412e-002  1.955859e-002
  2.783010e-002  6.480297e-003 -2.456871e-004  2.918683e-004  1.016542e-003
  1.713878e-003  3.346434e-004 -9.017570e-005 -1.488375e-004  7.093000e-007
 -7.322600e-005 -2.358885e-004 -3.998138e-004 -1.312277e-003  2.957976e-002
  1.051004e-002  2.463593e-002  2.134557e-002  1.997216e-002  1.810916e-002
  1.541543e-002  1.382727e-002  1.542366e-002  1.372359e-002  1.526045e-002
  1.751197e-002  2.366946e-002  2.650845e-002  2.091230e-002  2.234747e-002
  2.018700e-002  2.003262e-002  3.503381e-002  4.878395e-003 -1.728049e-004
  3.669839e-004  6.119352e-004  1.216471e-003  3.306662e-004 -2.410099e-004
 -1.799030e-005  1.200740e-005 -8.428500e-005 -2.264037e-004 -2.004286e-004
 -1.105982e-003  1.885273e-002  6.093918e-003  1.666704e-002  1.506934e-002
  1.295522e-002  1.295772e-002  8.422002e-003  1.064964e-002  1.248948e-002
  1.080714e-002  1.152853e-002  1.267216e-002  1.641952e-002  1.857446e-002
  1.445774e-002  1.628524e-002  1.405017e-002  1.404519e-002  1.838863e-002
  1.882955e-002  5.452382e-003 -4.101568e-004  4.641192e-004  5.484603e-004
  1.288266e-003  3.286052e-004 -3.098394e-004 -2.046373e-004 -3.124120e-005
 -2.290934e-004 -1.912026e-004 -1.529431e-004 -1.163978e-003  1.838335e-002
  5.032263e-003  1.665840e-002  1.438170e-002  1.165894e-002  1.266305e-002
  7.816627e-003  9.638784e-003  1.224341e-002  9.539807e-003  1.088013e-002
  1.201732e-002  1.631561e-002  1.857532e-002  1.407748e-002  1.530075e-002
  1.403856e-002  1.438930e-002  1.782463e-002  1.538702e-002  2.171718e-002
  5.699465e-003 -3.571608e-004  3.249142e-004  8.820924e-004  1.402225e-003
  1.659890e-004 -2.834277e-004 -1.092601e-004 -1.560430e-005 -2.899440e-005
 -1.380169e-004 -4.232315e-004 -1.203948e-003  2.469658e-002  6.452502e-003
  2.130283e-002  1.939426e-002  1.368498e-002  1.440625e-002  1.077658e-002
  1.222111e-002  1.436712e-002  1.096458e-002  1.337292e-002  1.461365e-002
  2.015749e-002  2.279342e-002  1.974077e-002  2.220120e-002  1.751557e-002
  1.882421e-002  2.294757e-002  1.579455e-002  1.552227e-002  3.387922e-002
  4.565081e-003 -5.747452e-004  2.848319e-004  9.669575e-004  1.048243e-003
  2.797616e-004 -1.134346e-004 -2.757829e-004 -1.421377e-004 -1.233356e-004
 -2.288289e-004 -2.943779e-004 -1.069534e-003  1.981949e-002  2.360239e-003
  1.764867e-002  1.588258e-002  1.073315e-002  1.187854e-002  7.844533e-003
  1.104763e-002  1.238303e-002  1.210355e-002  1.177509e-002  1.333167e-002
  1.748762e-002  1.866301e-002  1.574553e-002  1.789213e-002  1.545454e-002
  1.633164e-002  1.845850e-002  1.298977e-002  1.269932e-002  1.878746e-002
  2.317884e-002  4.645389e-003 -5.989480e-004  4.201093e-004  8.242111e-004
  1.222180e-003  2.551545e-004 -3.475151e-004 -1.425561e-004 -2.696920e-005
 -1.462355e-004 -3.425378e-004 -2.160402e-004 -3.169314e-004  2.039168e-002
  4.943646e-003  1.777909e-002  1.581901e-002  1.118829e-002  1.228389e-002
  8.877854e-003  1.000849e-002  1.157950e-002  9.858467e-003  1.106814e-002
  1.240889e-002  1.704174e-002  1.862713e-002  1.508580e-002  1.662199e-002
  1.450457e-002  1.559094e-002  1.863740e-002  1.378684e-002  1.468194e-002
  1.675138e-002  1.407869e-002  1.935102e-002  5.448448e-003 -5.666431e-004
  2.682756e-004  7.460020e-004  1.235610e-003  2.618234e-004 -2.655002e-004
 -8.802730e-005 -1.383000e-005 -8.646630e-005 -3.063272e-004 -3.447038e-004
 -1.251263e-003  2.253356e-002  4.676883e-003  1.932608e-002  1.771792e-002
  1.367122e-002  1.405960e-002  9.398877e-003  1.125173e-002  1.365968e-002
  1.107692e-002  1.290429e-002  1.399410e-002  1.878706e-002  2.130159e-002
  1.774342e-002  1.940912e-002  1.685521e-002  1.702427e-002  2.075040e-002
  1.494952e-002  1.479918e-002  1.959276e-002  1.579651e-002  1.531918e-002
  2.150993e-002  3.613822e-003 -8.360442e-004  3.703022e-004  1.287092e-003
  1.008193e-003  1.509618e-004 -1.425050e-005 -1.090250e-004  8.321800e-006
  1.931800e-006 -2.017011e-004 -2.240442e-004 -4.455100e-005  1.827780e-002
  8.106743e-003  1.585073e-002  1.395046e-002  1.168209e-002  1.125369e-002
  1.037207e-002  9.227823e-003  1.181412e-002  9.880545e-003  9.632948e-003
  1.175889e-002  1.437637e-002  1.409720e-002  1.299128e-002  1.303196e-002
  1.199635e-002  1.143536e-002  1.534237e-002  1.119610e-002  1.106376e-002
  1.354122e-002  1.178847e-002  1.183418e-002  1.277455e-002  1.824539e-002
  6.477737e-003 -6.710226e-004  2.134807e-004  1.063357e-003  1.498656e-003
  2.641742e-004 -3.896651e-004 -6.088610e-005  8.723980e-005 -1.576922e-004
 -2.284688e-004 -5.401458e-004 -1.753294e-003  2.990725e-002  9.387038e-003
  2.395404e-002  2.168792e-002  1.966018e-002  1.696731e-002  1.586535e-002
  1.251551e-002  1.403867e-002  1.418156e-002  1.426800e-002  1.636938e-002
  2.186162e-002  2.463927e-002  1.887726e-002  1.957126e-002  1.739483e-002
  1.785317e-002  2.441944e-002  1.635223e-002  1.647230e-002  2.087298e-002
  1.782887e-002  1.729345e-002  1.957675e-002  1.494214e-002  2.926075e-002
  6.365229e-003 -6.988888e-004  2.151860e-004  1.661057e-003  1.602385e-003
  1.772277e-004 -1.053989e-004 -4.847960e-005  2.011019e-004 -1.402338e-004
 -2.712597e-004 -7.239140e-004 -2.952785e-004  3.514555e-002  1.649818e-002
  2.752583e-002  2.409021e-002  2.250892e-002  1.796127e-002  1.867498e-002
  1.351152e-002  1.519245e-002  1.493715e-002  1.551487e-002  1.777430e-002
  2.405703e-002  2.586986e-002  2.082657e-002  2.174171e-002  1.834493e-002
  1.891262e-002  2.799249e-002  1.762084e-002  1.710930e-002  2.374359e-002
  1.988501e-002  1.880143e-002  2.050593e-002  1.738692e-002  2.716876e-002
  4.058451e-002  6.527586e-003 -8.999996e-004  2.558413e-004  1.225136e-003
  1.514817e-003  2.583149e-004 -3.110381e-004 -1.139246e-004  6.083530e-005
 -1.408191e-004 -3.230567e-004 -5.205646e-004 -1.235851e-003  3.030420e-002
  8.287271e-003  2.545257e-002  2.286630e-002  1.919836e-002  1.658442e-002
  1.524678e-002  1.320172e-002  1.511048e-002  1.295701e-002  1.509112e-002
  1.682528e-002  2.269176e-002  2.589879e-002  2.023484e-002  2.087676e-002
  1.857265e-002  1.936296e-002  2.572323e-002  1.746614e-002  1.766046e-002
  2.267314e-002  1.816399e-002  1.817075e-002  2.061351e-002  1.575833e-002
  2.557788e-002  2.836086e-002  2.897099e-002  4.377069e-003 -1.093583e-004
  5.664733e-004  4.454579e-004  9.442900e-004  2.170927e-004 -3.620732e-004
 -1.255673e-004  4.723400e-006 -6.724990e-005 -1.745471e-004 -1.630850e-004
 -1.120197e-003  1.772534e-002  8.012824e-003  1.486929e-002  1.294159e-002
  1.770702e-002  1.493798e-002  1.204479e-002  1.012659e-002  1.317108e-002
  1.375399e-002  1.000760e-002  1.243255e-002  1.448483e-002  1.531325e-002
  1.257286e-002  1.158070e-002  1.112775e-002  9.905729e-003  1.734637e-002
  1.285307e-002  1.185805e-002  1.318421e-002  1.213948e-002  1.156533e-002
  1.290236e-002  1.121748e-002  1.498485e-002  1.537164e-002  1.492158e-002
  2.266516e-002  4.854593e-003  1.440560e-005  5.813490e-004  6.356015e-004
  1.110507e-003  1.263459e-004 -1.939359e-004 -1.593987e-004  6.854500e-006
 -1.744540e-004 -2.464328e-004 -2.311507e-004 -1.476363e-003  2.097057e-002
  8.800502e-003  1.745130e-002  1.557922e-002  2.099387e-002  1.631532e-002
  1.443855e-002  1.139158e-002  1.405743e-002  1.259908e-002  1.187022e-002
  1.433305e-002  1.651503e-002  1.730516e-002  1.431162e-002  1.440876e-002
  1.354328e-002  1.239392e-002  1.940793e-002  1.432182e-002  1.388546e-002
  1.536363e-002  1.278583e-002  1.314167e-002  1.470143e-002  1.230221e-002
  1.712282e-002  1.786648e-002  1.751680e-002  1.938601e-002  2.214137e-002
  5.782321e-003 -8.713250e-004  3.395083e-004  1.300823e-003  1.363513e-003
  1.687652e-004 -3.965224e-004 -7.661470e-005 -2.137100e-006 -2.284818e-004
 -2.633184e-004 -5.000705e-004 -7.261691e-004  2.925913e-002  8.663372e-003
  2.391839e-002  2.163641e-002  1.794002e-002  1.568251e-002  1.442231e-002
  1.182249e-002  1.337871e-002  1.222770e-002  1.298115e-002  1.524915e-002
  2.024111e-002  2.254792e-002  1.819733e-002  1.881216e-002  1.635167e-002
  1.675577e-002  2.314200e-002  1.547442e-002  1.485337e-002  2.081001e-002
  1.724266e-002  1.688990e-002  1.730450e-002  1.522360e-002  2.316546e-002
  2.788215e-002  2.424958e-002  1.348964e-002  1.562937e-002  3.408010e-002
  7.327395e-003 -1.083735e-003  5.962459e-004  1.736678e-003  1.536908e-003
  1.965511e-004 -8.356037e-004 -2.325090e-004 -5.826118e-004 -3.793237e-004
 -5.417263e-004 -2.872127e-004 -1.982254e-003  2.878978e-002 -2.068128e-004
  2.767471e-002  2.461448e-002  1.014637e-002  1.632747e-002  2.128304e-003
  1.605547e-002  2.049042e-002  1.719576e-002  1.663542e-002  2.133887e-002
  2.616462e-002  3.150188e-002  2.556657e-002  2.928454e-002  2.391664e-002
  2.478703e-002  2.743182e-002  2.116032e-002  2.148012e-002  2.878037e-002
  2.310374e-002  2.177634e-002  2.436538e-002  1.738673e-002  2.487505e-002
  2.732299e-002  2.702014e-002  1.797111e-002  2.083581e-002  2.677493e-002
  7.000351e-002  6.603945e-003 -4.867227e-004  2.552190e-004  1.144007e-003
  1.383258e-003  2.640434e-004 -3.344395e-004 -2.020783e-004 -5.689830e-005
 -2.037571e-004 -3.366367e-004 -4.395463e-004 -1.656840e-003  2.878348e-002
  5.511099e-003  2.401798e-002  2.159963e-002  1.619415e-002  1.489438e-002
  1.248024e-002  1.215433e-002  1.333814e-002  1.075889e-002  1.325074e-002
  1.570307e-002  2.112097e-002  2.474608e-002  1.979871e-002  2.126464e-002
  1.787575e-002  1.921725e-002  2.384882e-002  1.658179e-002  1.659210e-002
  2.336513e-002  1.862104e-002  1.786922e-002  1.908373e-002  1.390864e-002
  2.387683e-002  2.645155e-002  2.519373e-002  1.312989e-002  1.637153e-002
  2.624120e-002  2.941060e-002  3.589178e-002  1.780921e-003 -2.938474e-004
  2.130885e-004  7.163749e-004  7.217944e-004  9.382370e-005  3.288803e-004
 -1.134194e-004 -1.837030e-004  1.432148e-004 -1.389758e-004 -2.434004e-004
 -1.059743e-003  1.163807e-002  2.452752e-003  1.107335e-002  9.833610e-003
  8.759997e-003  8.558268e-003  5.502776e-003  8.021881e-003  9.484410e-003
  9.088048e-003  8.347246e-003  9.761062e-003  1.025726e-002  1.048596e-002
  9.286330e-003  9.908382e-003  9.740805e-003  8.279945e-003  1.164410e-002
  9.606875e-003  7.660670e-003  1.077553e-002  1.016181e-002  8.113389e-003
  9.354216e-003  8.420500e-003  9.564214e-003  1.171038e-002  9.953971e-003
  9.230122e-003  9.862554e-003  9.991481e-003  1.460420e-002  8.589931e-003
  2.090151e-002  3.534610e-003 -1.367225e-004  3.748031e-004  5.987531e-004
  8.952137e-004  2.441774e-004 -1.784963e-004 -1.603184e-004 -1.829130e-005
 -1.242592e-004 -2.250669e-004 -1.233633e-004 -7.687333e-004  1.506257e-002
  2.975690e-003  1.383827e-002  1.286762e-002  1.063683e-002  1.071533e-002
  7.978174e-003  9.616871e-003  1.116932e-002  1.045539e-002  1.015899e-002
  1.180321e-002  1.339072e-002  1.475494e-002  1.185185e-002  1.204085e-002
  1.172923e-002  1.104190e-002  1.469315e-002  1.175258e-002  1.097436e-002
  1.316806e-002  1.125976e-002  1.093896e-002  1.255152e-002  1.022660e-002
  1.350461e-002  1.463271e-002  1.457071e-002  1.150789e-002  1.261173e-002
  1.182842e-002  1.694481e-002  1.268738e-002  1.077996e-002  1.521541e-002
  3.638919e-003  7.558260e-005  3.383569e-004  5.147519e-004  8.172891e-004
  2.738637e-004 -4.170646e-004 -1.207156e-004 -2.125580e-005 -9.870200e-005
 -1.123030e-004 -1.315199e-004 -4.627935e-004  1.137512e-002  3.948990e-003
  1.195257e-002  1.110680e-002  1.104268e-002  1.037790e-002  7.014114e-003
  9.395905e-003  1.080475e-002  9.810259e-003  9.498234e-003  1.104727e-002
  1.247825e-002  1.295572e-002  1.050309e-002  9.825368e-003  1.011339e-002
  9.118444e-003  1.298096e-002  1.089867e-002  1.112748e-002  1.098428e-002
  1.035461e-002  9.734428e-003  1.125443e-002  9.575491e-003  1.147162e-002
  1.313677e-002  1.240474e-002  1.114873e-002  1.210934e-002  1.052042e-002
  1.684603e-002  9.417090e-003  1.011440e-002  1.268353e-002  1.924539e-002
  7.013365e-003 -1.340013e-004  2.806314e-004  5.007457e-004  1.409851e-003
  5.052192e-004 -1.253754e-003 -1.169088e-004  6.968500e-006 -3.594020e-004
 -1.483000e-007 -3.018385e-004 -1.274988e-003  2.229979e-002  7.001094e-003
  2.016788e-002  1.756375e-002  1.550207e-002  1.512936e-002  1.053204e-002
  1.024445e-002  1.240361e-002  1.108994e-002  1.113014e-002  1.401641e-002
  1.935302e-002  2.101419e-002  1.572954e-002  1.668253e-002  1.504817e-002
  1.532381e-002  2.064398e-002  1.564238e-002  1.610014e-002  1.684318e-002
  1.456369e-002  1.499647e-002  1.721877e-002  1.185646e-002  2.217235e-002
  2.168548e-002  2.148268e-002  1.369138e-002  1.536631e-002  1.836492e-002
  2.204920e-002  2.036308e-002  6.747568e-003  1.299589e-002  1.204891e-002
  2.825758e-002  8.594296e-003 -1.816866e-004  4.439650e-005  4.998531e-004
  1.607305e-003  5.055656e-004 -1.390249e-003 -2.145645e-004 -1.192390e-005
 -5.589945e-004  8.700710e-005 -2.159551e-004 -2.659268e-003  2.155072e-002
  3.636649e-003  2.079605e-002  1.802547e-002  1.533373e-002  1.599341e-002
  1.003750e-002  9.551703e-003  1.266972e-002  1.025677e-002  1.077602e-002
  1.485575e-002  2.029122e-002  2.140485e-002  1.681268e-002  1.856869e-002
  1.623226e-002  1.650433e-002  2.179789e-002  1.657882e-002  1.901462e-002
  1.740039e-002  1.586370e-002  1.625073e-002  1.862029e-002  1.184821e-002
  2.504550e-002  2.177256e-002  2.316216e-002  1.340995e-002  1.481352e-002
  1.802224e-002  2.350121e-002  2.238755e-002  3.974353e-003  1.198856e-002
  1.047613e-002  3.148407e-002  5.396322e-002  6.234528e-003 -8.093110e-005
  2.158304e-004  4.476509e-004  1.155660e-003  5.514422e-004 -9.366323e-004
 -9.971220e-005  1.165958e-004 -3.415933e-004  3.783630e-005 -1.084883e-004
 -1.048113e-003  1.678540e-002  3.523122e-003  1.602526e-002  1.391285e-002
  1.112503e-002  1.244149e-002  6.076346e-003  8.628291e-003  1.099705e-002
  1.038052e-002  9.330611e-003  1.202591e-002  1.604027e-002  1.744051e-002
  1.337221e-002  1.479968e-002  1.307357e-002  1.337709e-002  1.737125e-002
  1.357795e-002  1.423484e-002  1.381116e-002  1.263294e-002  1.302254e-002
  1.517330e-002  9.553134e-003  1.779611e-002  1.668100e-002  1.723227e-002
  1.145653e-002  1.244248e-002  1.471333e-002  1.987677e-002  1.638610e-002
  5.392514e-003  1.035350e-002  1.000729e-002  2.150561e-002  2.784519e-002
  2.365501e-002  5.737673e-003  4.251414e-004  2.840513e-004  4.647298e-004
  1.147213e-003  3.606096e-004 -7.500920e-004 -2.205421e-004 -3.637300e-005
 -4.034281e-004 -1.153914e-004 -1.912766e-004 -1.046578e-003  1.695555e-002
  1.683037e-003  1.616208e-002  1.397309e-002  1.190110e-002  1.137043e-002
  6.602979e-003  9.296549e-003  1.121964e-002  1.045130e-002  9.680948e-003
  1.237229e-002  1.561095e-002  1.711759e-002  1.337757e-002  1.474031e-002
  1.333550e-002  1.368734e-002  1.758732e-002  1.375439e-002  1.456201e-002
  1.400405e-002  1.243142e-002  1.266359e-002  1.455790e-002  9.615074e-003
  1.672112e-002  1.632324e-002  1.703586e-002  1.097902e-002  1.276391e-002
  1.456244e-002  2.086902e-002  1.604377e-002  6.688865e-003  1.135929e-002
  1.155995e-002  1.936473e-002  2.381426e-002  1.834913e-002  2.263590e-002
  4.241725e-003 -8.055614e-004  9.396130e-005  1.079614e-003  1.089449e-003
  8.405940e-005 -4.335970e-005  1.305040e-005  5.224850e-005  2.450370e-005
 -3.859083e-004 -3.998136e-004 -1.015617e-003  2.358183e-002  8.798145e-003
  1.899012e-002  1.762624e-002  1.552557e-002  1.309139e-002  1.206617e-002
  1.056438e-002  1.159013e-002  1.091263e-002  1.202451e-002  1.276885e-002
  1.718927e-002  2.146648e-002  1.589818e-002  1.638908e-002  1.391966e-002
  1.359916e-002  1.928083e-002  1.286192e-002  1.162214e-002  1.774367e-002
  1.409787e-002  1.303216e-002  1.521075e-002  1.236606e-002  1.887428e-002
  2.145921e-002  1.957413e-002  1.240224e-002  1.386724e-002  1.827977e-002
  2.323520e-002  1.750335e-002  1.040453e-002  1.205992e-002  1.101878e-002
  1.520130e-002  1.434399e-002  1.087893e-002  1.156900e-002  2.673266e-002
  4.691043e-003 -1.019605e-004  4.855235e-004  2.243890e-004  8.268658e-004
  3.004482e-004 -7.299000e-004 -1.408076e-004 -5.656080e-005 -3.121267e-004
 -1.880635e-004 -1.057495e-004 -8.912009e-004  1.577123e-002  5.068455e-003
  1.463625e-002  1.279263e-002  1.105517e-002  1.133267e-002  5.816722e-003
  8.300634e-003  9.133221e-003  7.652555e-003  8.773850e-003  1.187268e-002
  1.375000e-002  1.487785e-002  1.097730e-002  1.192471e-002  1.117485e-002
  1.163543e-002  1.567249e-002  1.173387e-002  1.171511e-002  1.140003e-002
  1.120740e-002  1.201007e-002  1.257862e-002  8.363572e-003  1.554705e-002
  1.515389e-002  1.448562e-002  1.136047e-002  1.260665e-002  1.454371e-002
  1.857288e-002  1.417922e-002  5.474895e-003  8.239966e-003  7.948920e-003
  1.603992e-002  1.683729e-002  1.356938e-002  1.217713e-002  1.003921e-002
  2.378688e-002  5.218567e-003 -1.275459e-004  6.346135e-004  1.740553e-004
  1.151545e-003  3.874336e-004 -8.067688e-004 -2.320715e-004 -3.063738e-004
 -2.111636e-004 -5.676170e-005 -1.779793e-004 -1.147509e-003  1.607185e-002
  1.556491e-003  1.572418e-002  1.275948e-002  1.048423e-002  1.165370e-002
  5.396068e-003  8.433149e-003  1.131690e-002  8.062275e-003  9.611849e-003
  1.256556e-002  1.525237e-002  1.647423e-002  1.138053e-002  1.367779e-002
  1.306553e-002  1.347440e-002  1.702858e-002  1.244254e-002  1.487939e-002
  1.293143e-002  1.108452e-002  1.321593e-002  1.361854e-002  9.521882e-003
  1.525848e-002  1.572223e-002  1.564721e-002  1.127438e-002  1.287039e-002
  1.318442e-002  1.772969e-002  1.469953e-002  7.224468e-003  1.043330e-002
  9.910218e-003  1.792789e-002  1.823437e-002  1.457271e-002  1.332415e-002
  9.790845e-003  1.468846e-002  2.895671e-002  5.014394e-003 -2.694212e-004
  3.652648e-004  7.767859e-004  1.144027e-003  2.634094e-004 -3.939288e-004
 -9.260640e-005 -8.085540e-005 -1.669732e-004 -2.171649e-004 -2.738534e-004
 -1.194532e-003  1.882569e-002  4.451048e-003  1.670463e-002  1.487102e-002
  1.246286e-002  1.221506e-002  7.633802e-003  9.931414e-003  1.232847e-002
  1.080400e-002  1.073574e-002  1.320905e-002  1.629647e-002  1.808291e-002
  1.423907e-002  1.543647e-002  1.372967e-002  1.398579e-002  1.791706e-002
  1.402462e-002  1.433341e-002  1.550169e-002  1.342812e-002  1.343992e-002
  1.479503e-002  1.150135e-002  1.697413e-002  1.795023e-002  1.773781e-002
  1.207413e-002  1.344305e-002  1.642198e-002  2.159976e-002  1.669404e-002
  8.976914e-003  1.140766e-002  1.100328e-002  1.620736e-002  1.775313e-002
  1.429422e-002  1.507902e-002  1.319982e-002  1.182070e-002  1.321073e-002
  1.629030e-002  5.183676e-003 -3.189248e-004  2.502224e-004  8.670232e-004
  1.234051e-003  1.631705e-004 -2.598353e-004 -9.496300e-005  1.116390e-005
 -1.706594e-004 -2.955143e-004 -4.435959e-004 -1.269066e-003  2.150398e-002
  5.881211e-003  1.933759e-002  1.728499e-002  1.332266e-002  1.362202e-002
  9.256385e-003  1.143998e-002  1.313315e-002  1.032522e-002  1.244828e-002
  1.471162e-002  1.861612e-002  2.124238e-002  1.646882e-002  1.808940e-002
  1.612013e-002  1.572205e-002  2.004278e-002  1.554892e-002  1.486493e-002
  1.860120e-002  1.550240e-002  1.471840e-002  1.695368e-002  1.247457e-002
  1.887973e-002  2.002455e-002  2.016001e-002  1.319640e-002  1.512243e-002
  1.759511e-002  2.393856e-002  1.866226e-002  1.057255e-002  1.293230e-002
  1.166702e-002  1.690438e-002  1.756846e-002  1.380677e-002  1.447466e-002
  1.534748e-002  1.212542e-002  1.276796e-002  1.541981e-002  2.139257e-002
  4.292412e-003 -2.260766e-004  6.699795e-004  6.009047e-004  1.252295e-003
  1.925794e-004 -2.627499e-004 -1.938390e-004 -9.700550e-005  4.593180e-005
 -1.261187e-004 -2.243970e-004 -1.653788e-003  1.991441e-002  5.373244e-003
  1.764807e-002  1.559971e-002  1.192370e-002  1.296943e-002  8.763590e-003
  1.131113e-002  1.340819e-002  1.124035e-002  1.212728e-002  1.495150e-002
  1.701972e-002  1.780444e-002  1.490840e-002  1.591142e-002  1.441249e-002
  1.379849e-002  1.912297e-002  1.409872e-002  1.336822e-002  1.663116e-002
  1.388410e-002  1.336996e-002  1.521321e-002  1.260516e-002  1.723352e-002
  1.823358e-002  1.740943e-002  1.391289e-002  1.546377e-002  1.626860e-002
  2.210406e-002  1.651138e-002  1.297008e-002  1.300026e-002  1.161341e-002
  1.442868e-002  1.372284e-002  1.207236e-002  1.256610e-002  1.421953e-002
  1.121266e-002  1.251763e-002  1.388997e-002  1.585616e-002  2.184294e-002
  4.558267e-003 -2.880923e-004  5.985618e-004  6.605374e-004  1.232256e-003
  1.747224e-004 -2.357143e-004 -1.362280e-004 -3.180554e-004 -6.043940e-005
 -1.847006e-004 -2.400025e-004 -1.390599e-003  1.901936e-002  3.216749e-003
  1.775828e-002  1.581584e-002  1.300606e-002  1.293800e-002  9.320714e-003
  1.112406e-002  1.362891e-002  1.096960e-002  1.166562e-002  1.432506e-002
  1.695299e-002  1.824121e-002  1.518482e-002  1.647567e-002  1.465761e-002
  1.467070e-002  1.902870e-002  1.428556e-002  1.394820e-002  1.690681e-002
  1.401320e-002  1.358176e-002  1.526839e-002  1.226174e-002  1.671913e-002
  1.804588e-002  1.762389e-002  1.368280e-002  1.544987e-002  1.603363e-002
  2.323343e-002  1.682465e-002  1.127138e-002  1.272225e-002  1.152526e-002
  1.490514e-002  1.446783e-002  1.184660e-002  1.295087e-002  1.410292e-002
  1.078733e-002  1.305833e-002  1.384835e-002  1.598752e-002  1.756487e-002
  1.962675e-002  5.349386e-003 -5.793078e-004  5.750853e-004  7.957587e-004
  1.383593e-003  1.900459e-004 -2.062317e-004 -1.274554e-004 -3.129540e-004
 -4.502190e-005 -1.937492e-004 -2.233207e-004 -1.721303e-003  2.070192e-002
  6.110858e-003  1.952730e-002  1.710308e-002  1.293826e-002  1.435508e-002
  9.174198e-003  1.139430e-002  1.446533e-002  1.172901e-002  1.244179e-002
  1.482082e-002  1.869808e-002  2.034806e-002  1.635409e-002  1.759280e-002
  1.588488e-002  1.600345e-002  2.066361e-002  1.562663e-002  1.533657e-002
  1.724705e-002  1.461528e-002  1.478643e-002  1.624502e-002  1.329743e-002
  1.899619e-002  1.966590e-002  1.952343e-002  1.451725e-002  1.659768e-002
  1.805633e-002  2.408700e-002  1.843764e-002  1.044030e-002  1.275425e-002
  1.143186e-002  1.699414e-002  1.768783e-002  1.366592e-002  1.426447e-002
  1.443195e-002  1.316620e-002  1.452522e-002  1.510631e-002  1.701360e-002
  1.775077e-002  1.779715e-002  2.220035e-002  4.727194e-003 -8.483970e-005
  5.061252e-004  7.128948e-004  1.232867e-003  1.719824e-004 -1.606262e-004
 -7.461130e-005 -2.252053e-004 -1.123673e-004 -1.507771e-004 -1.433558e-004
 -1.489233e-003  1.880367e-002  7.370067e-003  1.774883e-002  1.559765e-002
  1.151239e-002  1.329100e-002  9.194899e-003  1.073477e-002  1.312756e-002
  1.120511e-002  1.134652e-002  1.348799e-002  1.708199e-002  1.844525e-002
  1.484764e-002  1.583353e-002  1.407319e-002  1.456359e-002  1.925087e-002
  1.422708e-002  1.355162e-002  1.585716e-002  1.400096e-002  1.305465e-002
  1.462406e-002  1.198885e-002  1.682911e-002  1.770406e-002  1.742776e-002
  1.356576e-002  1.526330e-002  1.641270e-002  2.225967e-002  1.646628e-002
  9.914747e-003  1.214872e-002  1.070998e-002  1.550784e-002  1.569800e-002
  1.270940e-002  1.294070e-002  1.322037e-002  1.204572e-002  1.260176e-002
  1.367924e-002  1.553101e-002  1.651292e-002  1.645155e-002  1.985111e-002
  2.146678e-002  7.254797e-003 -1.210351e-004  6.760616e-004  5.097598e-004
  1.797613e-003  3.800330e-004 -8.094136e-004 -1.049774e-004 -3.000546e-004
 -2.033369e-004 -1.240417e-004 -3.609095e-004 -1.680592e-003  2.605888e-002
  7.162591e-003  2.351947e-002  2.082169e-002  1.852554e-002  1.843832e-002
  1.247593e-002  1.349132e-002  1.618991e-002  1.427538e-002  1.493484e-002
  1.755692e-002  2.290476e-002  2.429091e-002  2.018573e-002  2.236228e-002
  1.907095e-002  1.952820e-002  2.641138e-002  1.947331e-002  1.970413e-002
  2.164902e-002  1.774140e-002  1.842686e-002  2.087526e-002  1.551728e-002
  2.392022e-002  2.506073e-002  2.411139e-002  1.743960e-002  1.975377e-002
  2.190170e-002  2.907137e-002  2.374017e-002  1.155087e-002  1.556505e-002
  1.483021e-002  2.373288e-002  2.620285e-002  1.931644e-002  1.993316e-002
  1.746727e-002  1.725399e-002  1.941813e-002  1.918172e-002  2.066632e-002
  2.054070e-002  2.096670e-002  2.343968e-002  2.107251e-002  3.522023e-002
  4.764390e-003 -2.005271e-004  5.206190e-004  6.369359e-004  1.287398e-003
  2.601042e-004 -1.952074e-004 -6.974390e-005 -2.082898e-004 -1.252497e-004
 -1.245885e-004 -2.149728e-004 -1.415415e-003  1.931119e-002  6.415010e-003
  1.759954e-002  1.521615e-002  1.255424e-002  1.295705e-002  8.060932e-003
  1.050807e-002  1.308601e-002  1.068636e-002  1.146261e-002  1.369487e-002
  1.701890e-002  1.876774e-002  1.461828e-002  1.605542e-002  1.447764e-002
  1.479808e-002  1.954806e-002  1.464218e-002  1.424786e-002  1.633230e-002
  1.358000e-002  1.326429e-002  1.493203e-002  1.167830e-002  1.686831e-002
  1.819295e-002  1.766903e-002  1.327483e-002  1.505661e-002  1.630672e-002
  2.179700e-002  1.661998e-002  1.053403e-002  1.185041e-002  1.103070e-002
  1.527304e-002  1.532499e-002  1.269662e-002  1.307089e-002  1.345271e-002
  1.202659e-002  1.301429e-002  1.409019e-002  1.557343e-002  1.612863e-002
  1.638725e-002  1.757510e-002  1.669367e-002  2.122632e-002  1.873510e-002
  6.744202e-003  1.257254e-003  8.083402e-004  3.264210e-005  1.523729e-003
  5.188259e-004 -1.556875e-003 -1.464812e-004 -5.354140e-005 -5.881500e-004
 -1.233366e-004 -3.186603e-004 -7.596735e-004  1.964543e-002  8.698381e-003
  1.967591e-002  1.591165e-002  1.138074e-002  1.254477e-002  5.619613e-003
  9.867270e-003  1.158162e-002  6.054970e-003  1.054928e-002  1.413571e-002
  1.764074e-002  1.922236e-002  1.436722e-002  1.625373e-002  1.480272e-002
  1.447544e-002  1.950390e-002  1.618078e-002  1.796023e-002  1.598997e-002
  1.332493e-002  1.633207e-002  1.619085e-002  1.070433e-002  1.898245e-002
  1.981851e-002  1.987704e-002  1.185509e-002  1.391998e-002  1.741883e-002
  2.411852e-002  2.090337e-002  6.087544e-003  1.195141e-002  1.135055e-002
  2.401386e-002  2.852671e-002  2.297658e-002  2.177672e-002  1.165227e-002
  1.522373e-002  2.001002e-002  1.761399e-002  1.686048e-002  1.471906e-002
  1.406974e-002  1.610224e-002  1.419682e-002  2.306999e-002  1.516424e-002
  4.840957e-002  5.534317e-003 -2.358301e-004  3.971275e-004  7.093490e-004
  1.233618e-003  2.155580e-004 -4.772223e-004 -7.889020e-005 -1.442113e-004
 -4.300560e-005 -1.610607e-004 -4.303581e-004 -1.581692e-003  2.291526e-002
  8.629333e-003  2.075619e-002  1.748965e-002  1.614097e-002  1.659627e-002
  1.274526e-002  1.109349e-002  1.420311e-002  1.157271e-002  1.206922e-002
  1.489061e-002  1.849581e-002  2.020488e-002  1.673684e-002  1.798351e-002
  1.550337e-002  1.572485e-002  2.365065e-002  1.524958e-002  1.412995e-002
  1.902365e-002  1.472614e-002  1.494468e-002  1.683400e-002  1.266025e-002
  1.922448e-002  2.059946e-002  2.004222e-002  1.700425e-002  1.837738e-002
  1.784919e-002  2.411835e-002  1.933669e-002  1.057236e-002  1.298094e-002
  1.171911e-002  1.745294e-002  1.748642e-002  1.435591e-002  1.378394e-002
  1.514227e-002  1.320850e-002  1.302965e-002  1.459901e-002  1.719030e-002
  1.668188e-002  1.654058e-002  1.845624e-002  1.747588e-002  2.246974e-002
  1.661456e-002  1.588982e-002  2.872625e-002  4.674298e-003  1.135806e-003
  3.559622e-004  3.344508e-004  9.050920e-004  3.670764e-004 -8.067887e-004
 -1.907252e-004 -8.705900e-006 -3.943669e-004 -7.142060e-005  1.963300e-005
 -1.143866e-003  1.369333e-002  2.599745e-003  1.452215e-002  1.339495e-002
  1.014083e-002  1.178629e-002  8.320470e-003  9.914272e-003  1.123174e-002
  1.117683e-002  1.017667e-002  1.333905e-002  1.370883e-002  1.365762e-002
  1.116156e-002  8.899455e-003  9.927723e-003  9.841946e-003  1.451365e-002
  1.279083e-002  1.213190e-002  1.207503e-002  1.012845e-002  1.127517e-002
  1.293178e-002  1.000847e-002  1.383341e-002  1.403905e-002  1.488017e-002
  1.282944e-002  1.382754e-002  1.253861e-002  1.616493e-002  1.316416e-002
  9.072473e-003  1.465168e-002  1.841445e-002  1.478812e-002  1.528156e-002
  1.305570e-002  1.438793e-002  1.093547e-002  9.920412e-003  1.154297e-002
  1.257796e-002  1.277586e-002  1.291586e-002  1.229132e-002  1.303755e-002
  1.242273e-002  1.812069e-002  1.190364e-002  1.609262e-002  1.414976e-002
  3.313198e-002

