!Factor Exposure for Asset 0[68]:
  0.000000e+000  0.000000e+000  0.000000e+000  0.000000e+000  0.000000e+000
  0.000000e+000  0.000000e+000  0.000000e+000  0.000000e+000  0.000000e+000
  0.000000e+000  0.000000e+000  0.000000e+000  0.000000e+000  0.000000e+000
  0.000000e+000  0.000000e+000  0.000000e+000  0.000000e+000  0.000000e+000
  0.000000e+000  0.000000e+000  0.000000e+000  0.000000e+000  0.000000e+000
  0.000000e+000  0.000000e+000  0.000000e+000  0.000000e+000  0.000000e+000
  0.000000e+000  0.000000e+000  0.000000e+000  0.000000e+000  0.000000e+000
  0.000000e+000  0.000000e+000  0.000000e+000  0.000000e+000  0.000000e+000
  0.000000e+000  0.000000e+000  0.000000e+000  0.000000e+000  0.000000e+000
  0.000000e+000  0.000000e+000  0.000000e+000  0.000000e+000  0.000000e+000
  0.000000e+000  0.000000e+000  0.000000e+000  0.000000e+000  0.000000e+000
  0.000000e+000  0.000000e+000  0.000000e+000  0.000000e+000  0.000000e+000
  0.000000e+000  0.000000e+000  0.000000e+000  0.000000e+000  0.000000e+000
  0.000000e+000  0.000000e+000  0.000000e+000

!Factor Exposure for Asset 1[68]:
  1.440000e-001 -6.660000e-001  1.646000e+000  2.100000e-001 -3.610000e-001
 -6.470000e-001 -1.930000e-001 -7.100000e-001 -4.810000e-001 -1.132000e+000
 -5.110000e-001 -1.450000e-001  0.000000e+000  0.000000e+000  0.000000e+000
  0.000000e+000  0.000000e+000  0.000000e+000  0.000000e+000  0.000000e+000
  0.000000e+000  0.000000e+000  0.000000e+000  0.000000e+000  0.000000e+000
  0.000000e+000  0.000000e+000  0.000000e+000  0.000000e+000  0.000000e+000
  0.000000e+000  0.000000e+000  0.000000e+000  0.000000e+000  0.000000e+000
  0.000000e+000  0.000000e+000  1.000000e-002  0.000000e+000  0.000000e+000
  0.000000e+000  0.000000e+000  0.000000e+000  0.000000e+000  0.000000e+000
  0.000000e+000  0.000000e+000  0.000000e+000  0.000000e+000  0.000000e+000
  0.000000e+000  0.000000e+000  0.000000e+000  9.500000e-001  0.000000e+000
  0.000000e+000  0.000000e+000  0.000000e+000  0.000000e+000  0.000000e+000
  0.000000e+000  0.000000e+000  0.000000e+000  0.000000e+000  0.000000e+000
  4.000000e-002  0.000000e+000  0.000000e+000

!Factor Exposure for Asset 2[68]:
 -6.000000e-003 -1.970000e-001  7.120000e-001  1.500000e-001 -8.150000e-001
  6.510000e-001 -9.800000e-001  7.360000e-001  4.740000e-001  1.990000e-001
  6.840000e-001 -1.040000e+000  0.000000e+000  0.000000e+000  0.000000e+000
  0.000000e+000  0.000000e+000  0.000000e+000  0.000000e+000  0.000000e+000
  0.000000e+000  0.000000e+000  0.000000e+000  0.000000e+000  0.000000e+000
  0.000000e+000  0.000000e+000  0.000000e+000  0.000000e+000  0.000000e+000
  0.000000e+000  0.000000e+000  0.000000e+000  9.800000e-001  0.000000e+000
  0.000000e+000  2.000000e-002  0.000000e+000  0.000000e+000  0.000000e+000
  0.000000e+000  0.000000e+000  0.000000e+000  0.000000e+000  0.000000e+000
  0.000000e+000  0.000000e+000  0.000000e+000  0.000000e+000  0.000000e+000
  0.000000e+000  0.000000e+000  0.000000e+000  0.000000e+000  0.000000e+000
  0.000000e+000  0.000000e+000  0.000000e+000  0.000000e+000  0.000000e+000
  0.000000e+000  0.000000e+000  0.000000e+000  0.000000e+000  0.000000e+000
  0.000000e+000  0.000000e+000  0.000000e+000

!Factor Exposure for Asset 3[68]:
  1.089000e+000  1.761000e+000  5.370000e-001  1.310000e-001  2.303000e+000
  7.030000e-001 -7.320000e-001 -8.380000e-001  2.920000e-001 -1.280000e-001
 -6.480000e-001 -1.040000e+000  0.000000e+000  0.000000e+000  0.000000e+000
  0.000000e+000  0.000000e+000  0.000000e+000  0.000000e+000  0.000000e+000
  0.000000e+000  0.000000e+000  0.000000e+000  0.000000e+000  0.000000e+000
  0.000000e+000  0.000000e+000  0.000000e+000  0.000000e+000  1.900000e-001
  0.000000e+000  0.000000e+000  0.000000e+000  0.000000e+000  0.000000e+000
  0.000000e+000  0.000000e+000  0.000000e+000  0.000000e+000  0.000000e+000
  0.000000e+000  0.000000e+000  0.000000e+000  0.000000e+000  0.000000e+000
  0.000000e+000  0.000000e+000  0.000000e+000  0.000000e+000  0.000000e+000
  0.000000e+000  0.000000e+000  8.100000e-001  0.000000e+000  0.000000e+000
  0.000000e+000  0.000000e+000  0.000000e+000  0.000000e+000  0.000000e+000
  0.000000e+000  0.000000e+000  0.000000e+000  0.000000e+000  0.000000e+000
  0.000000e+000  0.000000e+000  0.000000e+000

!Factor Exposure for Asset 4[68]:
  1.290000e-001  2.011000e+000  1.079000e+000  2.100000e-001  1.738000e+000
  4.284000e+000 -9.730000e-001 -1.019000e+000  3.200000e-002 -5.490000e-001
  8.500000e-002 -1.040000e+000  0.000000e+000  0.000000e+000  0.000000e+000
  0.000000e+000  0.000000e+000  0.000000e+000  0.000000e+000  0.000000e+000
  0.000000e+000  0.000000e+000  0.000000e+000  0.000000e+000  0.000000e+000
  0.000000e+000  0.000000e+000  0.000000e+000  0.000000e+000  0.000000e+000
  0.000000e+000  0.000000e+000  0.000000e+000  0.000000e+000  0.000000e+000
  0.000000e+000  0.000000e+000  0.000000e+000  0.000000e+000  0.000000e+000
  0.000000e+000  0.000000e+000  0.000000e+000  0.000000e+000  0.000000e+000
  0.000000e+000  0.000000e+000  0.000000e+000  0.000000e+000  0.000000e+000
  0.000000e+000  0.000000e+000  0.000000e+000  0.000000e+000  0.000000e+000
  0.000000e+000  0.000000e+000  0.000000e+000  0.000000e+000  0.000000e+000
  0.000000e+000  0.000000e+000  0.000000e+000  0.000000e+000  0.000000e+000
  1.000000e+000  0.000000e+000  0.000000e+000

!Factor Exposure for Asset 5[68]:
 -3.450000e-001 -7.200000e-001  8.080000e-001  1.660000e-001 -3.710000e-001
  1.137000e+000 -3.960000e-001 -3.950000e-001 -3.200000e-002 -5.290000e-001
  1.700000e-002 -1.040000e+000  0.000000e+000  0.000000e+000  0.000000e+000
  0.000000e+000  0.000000e+000  0.000000e+000  0.000000e+000  0.000000e+000
  0.000000e+000  0.000000e+000  0.000000e+000  0.000000e+000  0.000000e+000
  0.000000e+000  0.000000e+000  0.000000e+000  0.000000e+000  0.000000e+000
  0.000000e+000  0.000000e+000  0.000000e+000  0.000000e+000  0.000000e+000
  0.000000e+000  0.000000e+000  0.000000e+000  0.000000e+000  0.000000e+000
  0.000000e+000  0.000000e+000  0.000000e+000  0.000000e+000  0.000000e+000
  0.000000e+000  0.000000e+000  0.000000e+000  0.000000e+000  0.000000e+000
  0.000000e+000  0.000000e+000  0.000000e+000  0.000000e+000  0.000000e+000
  0.000000e+000  0.000000e+000  0.000000e+000  0.000000e+000  0.000000e+000
  0.000000e+000  0.000000e+000  0.000000e+000  0.000000e+000  0.000000e+000
  0.000000e+000  0.000000e+000  1.000000e+000

!Factor Exposure for Asset 6[68]:
  8.100000e-001 -5.670000e-001  1.024000e+000  2.100000e-001 -3.290000e-001
 -3.380000e-001 -1.410000e-001 -5.280000e-001 -1.430000e-001 -7.970000e-001
  4.820000e-001 -1.040000e+000  0.000000e+000  0.000000e+000  0.000000e+000
  0.000000e+000  0.000000e+000  0.000000e+000  0.000000e+000  0.000000e+000
  0.000000e+000  0.000000e+000  0.000000e+000  0.000000e+000  0.000000e+000
  0.000000e+000  0.000000e+000  0.000000e+000  0.000000e+000  0.000000e+000
  0.000000e+000  0.000000e+000  0.000000e+000  0.000000e+000  0.000000e+000
  0.000000e+000  0.000000e+000  0.000000e+000  0.000000e+000  0.000000e+000
  0.000000e+000  0.000000e+000  0.000000e+000  0.000000e+000  0.000000e+000
  0.000000e+000  0.000000e+000  0.000000e+000  0.000000e+000  0.000000e+000
  0.000000e+000  0.000000e+000  1.000000e+000  0.000000e+000  0.000000e+000
  0.000000e+000  0.000000e+000  0.000000e+000  0.000000e+000  0.000000e+000
  0.000000e+000  0.000000e+000  0.000000e+000  0.000000e+000  0.000000e+000
  0.000000e+000  0.000000e+000  0.000000e+000

!Factor Exposure for Asset 7[68]:
  1.021000e+000 -1.543000e+000  9.930000e-001  2.080000e-001  1.050000e-001
 -9.670000e-001 -2.710000e-001 -3.600000e-002 -1.100000e-002 -6.980000e-001
 -6.800000e-001  1.610000e-001  0.000000e+000  0.000000e+000  0.000000e+000
  0.000000e+000  0.000000e+000  0.000000e+000  0.000000e+000  0.000000e+000
  0.000000e+000  0.000000e+000  0.000000e+000  0.000000e+000  0.000000e+000
  0.000000e+000  0.000000e+000  0.000000e+000  0.000000e+000  0.000000e+000
  0.000000e+000  0.000000e+000  0.000000e+000  0.000000e+000  0.000000e+000
  0.000000e+000  0.000000e+000  0.000000e+000  0.000000e+000  0.000000e+000
  0.000000e+000  0.000000e+000  0.000000e+000  0.000000e+000  0.000000e+000
  0.000000e+000  0.000000e+000  0.000000e+000  0.000000e+000  0.000000e+000
  0.000000e+000  9.800000e-001  2.000000e-002  0.000000e+000  0.000000e+000
  0.000000e+000  0.000000e+000  0.000000e+000  0.000000e+000  0.000000e+000
  0.000000e+000  0.000000e+000  0.000000e+000  0.000000e+000  0.000000e+000
  0.000000e+000  0.000000e+000  0.000000e+000

!Factor Exposure for Asset 8[68]:
  3.370000e-001  8.860000e-001 -6.700000e-002  1.170000e-001 -3.130000e-001
  3.330000e-001 -9.820000e-001 -1.022000e+000 -4.580000e-001 -5.660000e-001
 -2.020000e-001 -1.040000e+000  0.000000e+000  0.000000e+000  0.000000e+000
  0.000000e+000  0.000000e+000  0.000000e+000  0.000000e+000  0.000000e+000
  1.500000e-001  0.000000e+000  0.000000e+000  0.000000e+000  0.000000e+000
  0.000000e+000  0.000000e+000  0.000000e+000  0.000000e+000  0.000000e+000
  0.000000e+000  0.000000e+000  0.000000e+000  0.000000e+000  0.000000e+000
  8.500000e-001  0.000000e+000  0.000000e+000  0.000000e+000  0.000000e+000
  0.000000e+000  0.000000e+000  0.000000e+000  0.000000e+000  0.000000e+000
  0.000000e+000  0.000000e+000  0.000000e+000  0.000000e+000  0.000000e+000
  0.000000e+000  0.000000e+000  0.000000e+000  0.000000e+000  0.000000e+000
  0.000000e+000  0.000000e+000  0.000000e+000  0.000000e+000  0.000000e+000
  0.000000e+000  0.000000e+000  0.000000e+000  0.000000e+000  0.000000e+000
  0.000000e+000  0.000000e+000  0.000000e+000

!Factor Exposure for Asset 9[68]:
  3.530000e-001 -1.800000e-001  7.850000e-001  1.620000e-001 -3.990000e-001
  4.890000e-001 -1.510000e-001 -6.200000e-001 -5.540000e-001 -3.810000e-001
  9.480000e-001 -1.040000e+000  0.000000e+000  0.000000e+000  0.000000e+000
  0.000000e+000  0.000000e+000  0.000000e+000  0.000000e+000  0.000000e+000
  0.000000e+000  0.000000e+000  0.000000e+000  0.000000e+000  0.000000e+000
  0.000000e+000  0.000000e+000  0.000000e+000  0.000000e+000  0.000000e+000
  0.000000e+000  0.000000e+000  0.000000e+000  0.000000e+000  0.000000e+000
  0.000000e+000  0.000000e+000  0.000000e+000  0.000000e+000  0.000000e+000
  0.000000e+000  0.000000e+000  0.000000e+000  0.000000e+000  0.000000e+000
  0.000000e+000  0.000000e+000  0.000000e+000  0.000000e+000  0.000000e+000
  0.000000e+000  0.000000e+000  0.000000e+000  1.000000e+000  0.000000e+000
  0.000000e+000  0.000000e+000  0.000000e+000  0.000000e+000  0.000000e+000
  0.000000e+000  0.000000e+000  0.000000e+000  0.000000e+000  0.000000e+000
  0.000000e+000  0.000000e+000  0.000000e+000

!Factor Exposure for Asset 10[68]:
  8.020000e-001 -5.740000e-001  5.540000e-001  1.330000e-001  9.800000e-002
  5.560000e-001 -4.830000e-001 -6.190000e-001  1.680000e-001 -6.280000e-001
  4.270000e-001 -2.700000e-001  0.000000e+000  0.000000e+000  0.000000e+000
  0.000000e+000  0.000000e+000  0.000000e+000  0.000000e+000  0.000000e+000
  0.000000e+000  0.000000e+000  0.000000e+000  0.000000e+000  0.000000e+000
  0.000000e+000  0.000000e+000  0.000000e+000  0.000000e+000  0.000000e+000
  0.000000e+000  0.000000e+000  0.000000e+000  0.000000e+000  0.000000e+000
  0.000000e+000  0.000000e+000  0.000000e+000  0.000000e+000  0.000000e+000
  0.000000e+000  0.000000e+000  0.000000e+000  0.000000e+000  0.000000e+000
  0.000000e+000  0.000000e+000  0.000000e+000  0.000000e+000  0.000000e+000
  7.000000e-001  3.000000e-001  0.000000e+000  0.000000e+000  0.000000e+000
  0.000000e+000  0.000000e+000  0.000000e+000  0.000000e+000  0.000000e+000
  0.000000e+000  0.000000e+000  0.000000e+000  0.000000e+000  0.000000e+000
  0.000000e+000  0.000000e+000  0.000000e+000

